1.0000000000000000 137.6248409394908663 137.1150511952365036
2.0000000000000000 110.0884150955454004 109.6802019785515085
3.0000000000000000 88.0616407629364062 87.7346664130385392
4.0000000000000000 70.4420877973932988 70.1801197241946255
5.0000000000000000 56.3479194844424569 56.1379929489826637
6.0000000000000000 45.0737506974581379 44.9055039074080611
7.0000000000000000 36.0553393126737092 35.9204855043393181
8.0000000000000000 28.8413432622936625 28.7332511954948302
9.0000000000000000 23.0707292931770098 22.9840896251328672
10.0000000000000000 18.4547024325112261 18.3852621533946525
