TASMANIAN SG 4.0
WARNING: do not edit this manually
localpolynomial
2 1 1 2
localp
1 2 12 0 0 0 1 0 2 0 3 0 4 1 0 1 1 1 2 2 0 2 1 2 2 3 0
1  -1.35591032208283281e+02 -2.52255413809223228e+00 7.29807211075950590e-01 5.20543818597047903e-01 6.86863759620166547e-02 -2.52255413805141870e+00 -1.64771506142844260e+00 3.31531972873989389e-01 7.23453370877933821e-01 3.31531973088317500e-01 -4.91693746842827295e-02 5.20543818571610473e-01
0
0
1 0
0 4 5 6 6 6 9 9 9 11 11 11 11
5 8 1 2 3 4 11 6 7 9 10
1 12 1 -1.35591032208283281e+02 -1.38113586346375513e+02 -1.34861224997207330e+02 -1.36331765458732349e+02 -1.35157442226783274e+02 -1.38113586346334699e+02 -1.42283855545855374e+02 -1.37052247162384759e+02 -1.34867578837405347e+02 -1.37058601002409262e+02 -1.34186941001013679e+02 -1.36331765458737380e+02
custom
2.00000000000000011e-01 3.00000000000000000e+00
2.00000000000000011e-01 3.00000000000000000e+00
TASMANIAN SG end
