TASMANIAN SG 4.0
WARNING: do not edit this manually
localpolynomial
2 1 1 2
localp
1 2 12 0 0 0 1 0 2 0 3 0 4 1 0 1 1 1 2 2 0 2 1 2 2 3 0
1  1.70076445361249928e+00 -3.16271450763261797e+00 8.98276859693046381e-01 6.79814699619823104e-01 8.55324510436747953e-02 -3.16271450758149841e+00 -2.16662072592811095e+00 3.97047751630203560e-01 8.98276859686379270e-01 3.97047751918381042e-01 -4.86534993316527498e-02 6.79814699586623439e-01
0
0
1 0
0 4 5 6 6 6 9 9 9 11 11 11 11
5 8 1 2 3 4 11 6 7 9 10
1 12 1 1.70076445361249928e+00 -1.46195005402011868e+00 2.59904131330554566e+00 7.99221899416013404e-01 2.23543533450269738e+00 -1.46195005396899913e+00 -6.79128528752972827e+00 -1.66625442645749355e-01 2.59904131329887855e+00 -1.66625442415358538e-01 3.44866467366027241e+00 7.99221899408373626e-01
custom
2.00000000000000011e-01 3.00000000000000000e+00
2.00000000000000011e-01 3.00000000000000000e+00
TASMANIAN SG end
