TASMANIAN SG 4.0
WARNING: do not edit this manually
localpolynomial
2 1 1 2
localp
1 2 12 0 0 0 1 0 2 0 3 0 4 1 0 1 1 1 2 2 0 2 1 2 2 3 0
1  -5.40730565123556858e+02 -6.92086613348237734e-01 2.19406457862874049e-01 1.17992349349947290e-01 2.03843360087603287e-02 -6.92086613334481626e-01 -3.18252863587986212e-01 9.96727007070603577e-02 2.08515320888295719e-01 9.96727007465096904e-02 -2.79646658558476702e-02 1.17992349317660228e-01
0
0
1 0
0 4 5 6 6 6 9 9 9 11 11 11 11
5 8 1 2 3 4 11 6 7 9 10
1 12 1 -5.40730565123556858e+02 -5.41422651736905095e+02 -5.40511158665693983e+02 -5.40958616080881029e+02 -5.40600477558616603e+02 -5.41422651736891339e+02 -5.42432991213827563e+02 -5.41103572578321405e+02 -5.40522049802668562e+02 -5.41114463715270290e+02 -5.40330608010661535e+02 -5.40958616080906495e+02
custom
2.00000000000000011e-01 3.00000000000000000e+00
2.00000000000000011e-01 3.00000000000000000e+00
TASMANIAN SG end
