TASMANIAN SG 4.0
WARNING: do not edit this manually
localpolynomial
2 1 1 2
localp
1 2 12 0 0 0 1 0 2 0 3 0 4 1 0 1 1 1 2 2 0 2 1 2 2 3 0
1  -5.04728251832726755e+02 -8.24923793312621001e-01 2.62634511485202893e-01 1.41898693991151958e-01 2.41941422628997316e-02 -8.24923793295283758e-01 -4.19543642108635595e-01 1.21194006188318326e-01 2.51109383075117876e-01 1.21194006201335469e-01 -3.11095787111526079e-02 1.41898693981943325e-01
0
0
1 0
0 4 5 6 6 6 9 9 9 11 11 11 11
5 8 1 2 3 4 11 6 7 9 10
1 12 1 -5.04728251832726755e+02 -5.05553175626039376e+02 -5.04465617321241552e+02 -5.04998815035391942e+02 -5.04572740434721254e+02 -5.05553175626022039e+02 -5.06797643061443296e+02 -5.05169347108348518e+02 -5.04477142449651637e+02 -5.05180872236762923e+02 -5.04245617516877587e+02 -5.04998815035392454e+02
custom
2.00000000000000011e-01 3.00000000000000000e+00
2.00000000000000011e-01 3.00000000000000000e+00
TASMANIAN SG end
