TASMANIAN SG 4.0
WARNING: do not edit this manually
localpolynomial
2 1 1 2
localp
1 2 12 0 0 0 1 0 2 0 3 0 4 1 0 1 1 1 2 2 0 2 1 2 2 3 0
1  -3.33261672443886539e+02 -1.60013683977911114e+00 4.82419348122505198e-01 3.05204391380243578e-01 4.47124700176004808e-02 -1.60013683975313370e+00 -9.52972893729963744e-01 2.24837796919757693e-01 4.70717315671151937e-01 2.24837797038389908e-01 -4.37665431739446831e-02 3.05204391365293759e-01
0
0
1 0
0 4 5 6 6 6 9 9 9 11 11 11 11
5 8 1 2 3 4 11 6 7 9 10
1 12 1 -3.33261672443886539e+02 -3.34861809283665650e+02 -3.32779253095764034e+02 -3.33756536472395851e+02 -3.32975750299807657e+02 -3.34861809283639673e+02 -3.37414919017148748e+02 -3.34154552138597410e+02 -3.32790955128215387e+02 -3.34166254170956108e+02 -3.32352302323266827e+02 -3.33756536472397784e+02
custom
2.00000000000000011e-01 3.00000000000000000e+00
2.00000000000000011e-01 3.00000000000000000e+00
TASMANIAN SG end
