TASMANIAN SG 4.0
WARNING: do not edit this manually
localpolynomial
2 1 1 2
localp
1 2 12 0 0 0 1 0 2 0 3 0 4 1 0 1 1 1 2 2 0 2 1 2 2 3 0
1  -4.03681236025351495e+02 -1.42745191239083624e+00 4.11931267446334459e-01 2.75825185311191490e-01 3.85875499898133967e-02 -1.42745191149538186e+00 -7.20554576021015691e-01 1.95792826755848637e-01 3.99120804684343966e-01 1.95792827428249439e-01 -4.40104352358048345e-02 2.75825184816198998e-01
0
0
1 0
0 4 5 6 6 6 9 9 9 11 11 11 11
5 8 1 2 3 4 11 6 7 9 10
1 12 1 -4.03681236025351495e+02 -4.05108687937742332e+02 -4.03269304757905161e+02 -4.04119136796235694e+02 -4.03436682841638515e+02 -4.05108687936846877e+02 -4.07256694425258729e+02 -4.04500963842644694e+02 -4.03282115220667151e+02 -4.04513774305629738e+02 -4.02914194388456622e+02 -4.04119136796282987e+02
custom
2.00000000000000011e-01 3.00000000000000000e+00
2.00000000000000011e-01 3.00000000000000000e+00
TASMANIAN SG end
