TASMANIAN SG 4.0
WARNING: do not edit this manually
localpolynomial
2 1 1 2
localp
1 2 12 0 0 0 1 0 2 0 3 0 4 1 0 1 1 1 2 2 0 2 1 2 2 3 0
1  -4.03532649359397965e+02 -1.27275513355431258e+00 3.92330793423525392e-01 2.33699358283388392e-01 3.61640797079871845e-02 -1.27275513353367842e+00 -7.24735885041752681e-01 1.83159406276331538e-01 3.80082316167204226e-01 1.83159406364495680e-01 -3.95383702850722329e-02 2.33699358271962865e-01
0
0
1 0
0 4 5 6 6 6 9 9 9 11 11 11 11
5 8 1 2 3 4 11 6 7 9 10
1 12 1 -4.03532649359397965e+02 -4.04805404492952277e+02 -4.03140318565974439e+02 -4.03935327567891704e+02 -4.03300319882978215e+02 -4.04805404492931643e+02 -4.06802895511527709e+02 -4.04229914293231786e+02 -4.03152567043230761e+02 -4.04242162770420578e+02 -4.02799774620092307e+02 -4.03935327567892841e+02
custom
2.00000000000000011e-01 3.00000000000000000e+00
2.00000000000000011e-01 3.00000000000000000e+00
TASMANIAN SG end
