TASMANIAN SG 4.0
WARNING: do not edit this manually
localpolynomial
2 1 1 2
localp
1 2 12 0 0 0 1 0 2 0 3 0 4 1 0 1 1 1 2 2 0 2 1 2 2 3 0
1  -2.45515811141574090e+02 -2.12624598692104883e+00 6.05812918914125476e-01 4.29193294135302494e-01 5.68326000594936431e-02 -2.12624598706031520e+00 -1.25369001058038521e+00 2.84884665748819543e-01 5.95685196364286185e-01 2.84884676019800054e-01 -4.99015441912433744e-02 4.29193294217071752e-01
0
0
1 0
0 4 5 6 6 6 9 9 9 11 11 11 11
5 8 1 2 3 4 11 6 7 9 10
1 12 1 -2.45515811141574090e+02 -2.47642057128495139e+02 -2.44909998222659965e+02 -2.46149740840899312e+02 -2.45156072082057534e+02 -2.47642057128634406e+02 -2.51021993126135840e+02 -2.46751359543971461e+02 -2.44920125945209804e+02 -2.46761487256111053e+02 -2.44364214570486922e+02 -2.46149740840887176e+02
custom
2.00000000000000011e-01 3.00000000000000000e+00
2.00000000000000011e-01 3.00000000000000000e+00
TASMANIAN SG end
