TASMANIAN SG 4.0
WARNING: do not edit this manually
localpolynomial
2 1 1 2
localp
1 2 12 0 0 0 1 0 2 0 3 0 4 1 0 1 1 1 2 2 0 2 1 2 2 3 0
1  -5.92493115386465092e+02 -4.34470917254088818e-01 1.45055737630059411e-01 6.91810791196303398e-02 1.33534441921483449e-02 -4.34470917244425436e-01 -1.84064693022833126e-01 6.31425006970403047e-02 1.36335801733252993e-01 6.31425007188681775e-02 -1.99401127691771762e-02 6.91810791006446379e-02
0
0
1 0
0 4 5 6 6 6 9 9 9 11 11 11 11
5 8 1 2 3 4 11 6 7 9 10
1 12 1 -5.92493115386465092e+02 -5.92927586303719181e+02 -5.92348059648835033e+02 -5.92641169765972563e+02 -5.92407234073457857e+02 -5.92927586303709518e+02 -5.93546121913986440e+02 -5.92719388065382418e+02 -5.92356779584731839e+02 -5.92728108001267060e+02 -5.92231663959870957e+02 -5.92641169765986660e+02
custom
2.00000000000000011e-01 3.00000000000000000e+00
2.00000000000000011e-01 3.00000000000000000e+00
TASMANIAN SG end
