TASMANIAN SG 4.0
WARNING: do not edit this manually
localpolynomial
2 1 1 2
localp
1 2 12 0 0 0 1 0 2 0 3 0 4 1 0 1 1 1 2 2 0 2 1 2 2 3 0
1  -5.92454182575275240e+02 -4.00705586703793415e-01 1.39054585651706475e-01 6.15164434183270714e-02 1.24775590683157134e-02 -4.00705586697426952e-01 -1.84363885781408499e-01 6.10820937152993793e-02 1.30757704731763624e-01 6.10820937351945759e-02 -1.88621679673133258e-02 6.15164434153712136e-02
0
0
1 0
0 4 5 6 6 6 9 9 9 11 11 11 11
5 8 1 2 3 4 11 6 7 9 10
1 12 1 -5.92454182575275240e+02 -5.92854888161979034e+02 -5.92315127989623534e+02 -5.92593018925208753e+02 -5.92372177723381014e+02 -5.92854888161972667e+02 -5.93439957634457869e+02 -5.92654751482605661e+02 -5.92323424870543477e+02 -5.92663048363512075e+02 -5.92203232452859083e+02 -5.92593018925208526e+02
custom
2.00000000000000011e-01 3.00000000000000000e+00
2.00000000000000011e-01 3.00000000000000000e+00
TASMANIAN SG end
