TASMANIAN SG 4.0
WARNING: do not edit this manually
localpolynomial
2 1 1 2
localp
1 2 12 0 0 0 1 0 2 0 3 0 4 1 0 1 1 1 2 2 0 2 1 2 2 3 0
1  -4.59770132978471963e+02 -1.03898502561440864e+00 3.22858764887030247e-01 1.85315458483898965e-01 2.98615927322885000e-02 -1.03898502559269446e+00 -5.51668167132163489e-01 1.50545060382910378e-01 3.10658789465549035e-01 1.50545060400304465e-01 -3.57212503992627717e-02 1.85315458471848160e-01
0
0
1 0
0 4 5 6 6 6 9 9 9 11 11 11 11
5 8 1 2 3 4 11 6 7 9 10
1 12 1 -4.59770132978471963e+02 -4.60809118004086372e+02 -4.59447274213584933e+02 -4.60104310032795297e+02 -4.59578842003296188e+02 -4.60809118004064658e+02 -4.62399771196811230e+02 -4.60335714178794717e+02 -4.59459474189006414e+02 -4.60347914154220518e+02 -4.59172336674518647e+02 -4.60104310032796434e+02
custom
2.00000000000000011e-01 3.00000000000000000e+00
2.00000000000000011e-01 3.00000000000000000e+00
TASMANIAN SG end
