TASMANIAN SG 4.0
WARNING: do not edit this manually
localpolynomial
2 1 1 2
localp
1 2 12 0 0 0 1 0 2 0 3 0 4 1 0 1 1 1 2 2 0 2 1 2 2 3 0
1  -5.92466327590980654e+02 -4.11216031976664453e-01 1.40988494026601074e-01 6.37057543935952708e-02 1.27848104239092208e-02 -4.11216031968024254e-01 -1.84533323991900033e-01 6.17698939361162047e-02 1.32539832650195422e-01 6.17698939414594861e-02 -1.91753902720392944e-02 6.37057543893888578e-02
0
0
1 0
0 4 5 6 6 6 9 9 9 11 11 11 11
5 8 1 2 3 4 11 6 7 9 10
1 12 1 -5.92466327590980654e+02 -5.92877543622957319e+02 -5.92325339096954053e+02 -5.92608229852575391e+02 -5.92383048533543388e+02 -5.92877543622948679e+02 -5.93473292978917243e+02 -5.92674785234985961e+02 -5.92333787758330459e+02 -5.92683233896365664e+02 -5.92211974654575897e+02 -5.92608229852575278e+02
custom
2.00000000000000011e-01 3.00000000000000000e+00
2.00000000000000011e-01 3.00000000000000000e+00
TASMANIAN SG end
