TASMANIAN SG 4.0
WARNING: do not edit this manually
localpolynomial
2 1 1 2
localp
1 2 12 0 0 0 1 0 2 0 3 0 4 1 0 1 1 1 2 2 0 2 1 2 2 3 0
1  -5.69441550296106925e+02 -5.05587488047694933e-01 1.71264672021038677e-01 8.03386409987751904e-02 1.54659412685305142e-02 -5.05587488039509481e-01 -2.42424571231026675e-01 7.66754974362129360e-02 1.61894657766310957e-01 7.66754974630430297e-02 -2.23610538141656434e-02 8.03386409949098379e-02
0
0
1 0
0 4 5 6 6 6 9 9 9 11 11 11 11
5 8 1 2 3 4 11 6 7 9 10
1 12 1 -5.69441550296106925e+02 -5.69947137784154620e+02 -5.69270285624085886e+02 -5.69614005399131997e+02 -5.69340452018827818e+02 -5.69947137784146435e+02 -5.70695149843425156e+02 -5.69699197614689183e+02 -5.69279655638340614e+02 -5.69708567628925266e+02 -5.69130752020133741e+02 -5.69614005399131770e+02
custom
2.00000000000000011e-01 3.00000000000000000e+00
2.00000000000000011e-01 3.00000000000000000e+00
TASMANIAN SG end
