TASMANIAN SG 4.0
WARNING: do not edit this manually
localpolynomial
2 1 1 2
localp
1 2 12 0 0 0 1 0 2 0 3 0 4 1 0 1 1 1 2 2 0 2 1 2 2 3 0
1  -5.69456403727636825e+02 -5.18952912409304190e-01 1.73572141643944633e-01 8.31978119628047352e-02 1.58351432557992666e-02 -5.18952912398390254e-01 -2.42647367504446265e-01 7.75952201827294630e-02 1.64039116502294746e-01 7.75952201900054206e-02 -2.27501838879788920e-02 8.31978119573477670e-02
0
0
1 0
0 4 5 6 6 6 9 9 9 11 11 11 11
5 8 1 2 3 4 11 6 7 9 10
1 12 1 -5.69456403727636825e+02 -5.69975356640046130e+02 -5.69282831585992881e+02 -5.69632682371878673e+02 -5.69353782513559054e+02 -5.69975356640035216e+02 -5.70736956919948966e+02 -5.69724189278208542e+02 -5.69292364611134531e+02 -5.69733722303353829e+02 -5.69141542653378565e+02 -5.69632682371878673e+02
custom
2.00000000000000011e-01 3.00000000000000000e+00
2.00000000000000011e-01 3.00000000000000000e+00
TASMANIAN SG end
