TASMANIAN SG 4.0
WARNING: do not edit this manually
localpolynomial
2 1 1 2
localp
1 2 12 0 0 0 1 0 2 0 3 0 4 1 0 1 1 1 2 2 0 2 1 2 2 3 0
1  -1.35864286884518663e+02 -2.83901155406834960e+00 7.61597903100863505e-01 6.14375218672449819e-01 7.14941422705805962e-02 -2.83901155230026347e+00 -1.63820866263338871e+00 3.62890097835673942e-01 7.55055940400552572e-01 3.62890099469922234e-01 -5.65084145415823969e-02 6.14375217569772758e-01
0
0
1 0
0 4 5 6 6 6 9 9 9 11 11 11 11
5 8 1 2 3 4 11 6 7 9 10
1 12 1 -1.35864286884518663e+02 -1.38703298438587012e+02 -1.35102688981417799e+02 -1.36669417442880388e+02 -1.35411993790697665e+02 -1.38703298436818926e+02 -1.43180518653520664e+02 -1.37578810435882389e+02 -1.35109230944118110e+02 -1.37585352398716537e+02 -1.34404141455558829e+02 -1.36669417443099007e+02
custom
2.00000000000000011e-01 3.00000000000000000e+00
2.00000000000000011e-01 3.00000000000000000e+00
TASMANIAN SG end
