TASMANIAN SG 4.0
WARNING: do not edit this manually
localpolynomial
2 1 1 2
localp
1 2 12 0 0 0 1 0 2 0 3 0 4 1 0 1 1 1 2 2 0 2 1 2 2 3 0
1  -3.33302083009162402e+02 -1.64442217672251445e+00 4.87601348112889355e-01 3.16066271294744183e-01 4.54579001337265254e-02 -1.64442217668840840e+00 -9.53848687497952596e-01 2.28775211910715370e-01 4.75766731766952944e-01 2.28775211941979251e-01 -4.47392713456338242e-02 3.16066271274394239e-01
0
0
1 0
0 4 5 6 6 6 9 9 9 11 11 11 11
5 8 1 2 3 4 11 6 7 9 10
1 12 1 -3.33302083009162402e+02 -3.34946505185884917e+02 -3.32814481661049513e+02 -3.33808227826228915e+02 -3.33012824434972231e+02 -3.34946505185850810e+02 -3.37544776050071277e+02 -3.34230128625827206e+02 -3.32826316277395449e+02 -3.34241963242175984e+02 -3.32383454200628194e+02 -3.33808227826232212e+02
custom
2.00000000000000011e-01 3.00000000000000000e+00
2.00000000000000011e-01 3.00000000000000000e+00
TASMANIAN SG end
