TASMANIAN SG 4.0
WARNING: do not edit this manually
localpolynomial
2 1 1 2
localp
1 2 12 0 0 0 1 0 2 0 3 0 4 1 0 1 1 1 2 2 0 2 1 2 2 3 0
1  -2.45462570613708351e+02 -2.06623709737220906e+00 5.99239029434755821e-01 4.12773118805148442e-01 5.61420915619805783e-02 -2.06623709732946281e+00 -1.25423890400176674e+00 2.79397003428613289e-01 5.89192508324970277e-01 2.79397003470705840e-01 -4.83119105032017160e-02 4.12773118778545722e-01
0
0
1 0
0 4 5 6 6 6 9 9 9 11 11 11 11
5 8 1 2 3 4 11 6 7 9 10
1 12 1 -2.45462570613708351e+02 -2.47528807711080560e+02 -2.44863331584273595e+02 -2.46082916043589307e+02 -2.45106809007428978e+02 -2.47528807711037814e+02 -2.50849283712411790e+02 -2.46650171678174445e+02 -2.44873378105383381e+02 -2.46660218199284884e+02 -2.44322450986451827e+02 -2.46082916043594537e+02
custom
2.00000000000000011e-01 3.00000000000000000e+00
2.00000000000000011e-01 3.00000000000000000e+00
TASMANIAN SG end
