TASMANIAN SG 4.0
WARNING: do not edit this manually
localpolynomial
2 1 1 2
localp
1 2 12 0 0 0 1 0 2 0 3 0 4 1 0 1 1 1 2 2 0 2 1 2 2 3 0
1  -5.40709748741354588e+02 -6.72653712890451061e-01 2.16433037172237164e-01 1.12976100870127993e-01 1.99938816168696576e-02 -6.72653712934788928e-01 -3.18923297702440323e-01 9.83892615128070247e-02 2.05690718855294108e-01 9.83892638519137108e-02 -2.73317020054264503e-02 1.12976100891728493e-01
0
0
1 0
0 4 5 6 6 6 9 9 9 11 11 11 11
5 8 1 2 3 4 11 6 7 9 10
1 12 1 -5.40709748741354588e+02 -5.41382402454245039e+02 -5.40493315704182351e+02 -5.40933099496929685e+02 -5.40581538341151600e+02 -5.41382402454289377e+02 -5.42373979464882268e+02 -5.41067580155604333e+02 -5.40504058022499294e+02 -5.41078322471537831e+02 -5.40314956687332483e+02 -5.40933099496930254e+02
custom
2.00000000000000011e-01 3.00000000000000000e+00
2.00000000000000011e-01 3.00000000000000000e+00
TASMANIAN SG end
