TASMANIAN SG 4.0
WARNING: do not edit this manually
localpolynomial
2 1 1 2
localp
1 2 12 0 0 0 1 0 2 0 3 0 4 1 0 1 1 1 2 2 0 2 1 2 2 3 0
1  -5.69472259416385782e+02 -5.33228369386733903e-01 1.75976000977129843e-01 8.65074079729311052e-02 1.61813253345144403e-02 -5.33228369421863135e-01 -2.42541165246620949e-01 7.85111088387111522e-02 1.66295886812235949e-01 7.85111105788018904e-02 -2.32160108122343445e-02 8.65074079894156966e-02
0
0
1 0
0 4 5 6 6 6 9 9 9 11 11 11 11
5 8 1 2 3 4 11 6 7 9 10
1 12 1 -5.69472259416385782e+02 -5.70005487785772516e+02 -5.69296283415408652e+02 -5.69652366193106218e+02 -5.69368090090562646e+02 -5.70005487785807645e+02 -5.70781257320441000e+02 -5.69751000675991804e+02 -5.69305963529573546e+02 -5.69760680788381478e+02 -5.69153203539408651e+02 -5.69652366193107355e+02
custom
2.00000000000000011e-01 3.00000000000000000e+00
2.00000000000000011e-01 3.00000000000000000e+00
TASMANIAN SG end
