TASMANIAN SG 4.0
WARNING: do not edit this manually
localpolynomial
2 1 1 2
localp
1 2 12 0 0 0 1 0 2 0 3 0 4 1 0 1 1 1 2 2 0 2 1 2 2 3 0
1  -2.45413251991904190e+02 -2.01000530918338427e+00 5.93262449335412612e-01 3.98587831519819247e-01 5.53537472162020094e-02 -2.01000530915081299e+00 -1.25308730357645004e+00 2.74129132513593277e-01 5.83312959710752921e-01 2.74129132672982223e-01 -4.72120583316097964e-02 3.98587831500378798e-01
0
0
1 0
0 4 5 6 6 6 9 9 9 11 11 11 11
5 8 1 2 3 4 11 6 7 9 10
1 12 1 -2.45413251991904190e+02 -2.47423257301087574e+02 -2.44819989542568777e+02 -2.46019666814976063e+02 -2.45061267020020296e+02 -2.47423257301055003e+02 -2.50686349913814837e+02 -2.46555865719205997e+02 -2.44829939032193437e+02 -2.46565815208703839e+02 -2.44283888641189634e+02 -2.46019666814979217e+02
custom
2.00000000000000011e-01 3.00000000000000000e+00
2.00000000000000011e-01 3.00000000000000000e+00
TASMANIAN SG end
