TASMANIAN SG 4.0
WARNING: do not edit this manually
localpolynomial
2 1 1 2
localp
1 2 12 0 0 0 1 0 2 0 3 0 4 1 0 1 1 1 2 2 0 2 1 2 2 3 0
1  -4.03565751676250841e+02 -1.30762267404128352e+00 3.96790753244829375e-01 2.42016457734905543e-01 3.68406809563452953e-02 -1.30762267401405552e+00 -7.25401927846860417e-01 1.86102637252133718e-01 3.84385758599762539e-01 1.86102637275382676e-01 -4.03750244376510636e-02 2.42016457719273603e-01
0
0
1 0
0 4 5 6 6 6 9 9 9 11 11 11 11
5 8 1 2 3 4 11 6 7 9 10
1 12 1 -4.03565751676250841e+02 -4.04873374350292124e+02 -4.03168960923006011e+02 -4.03977546555536605e+02 -4.03330515618672109e+02 -4.04873374350264896e+02 -4.06906398952153040e+02 -4.04290480959767933e+02 -4.03181365917651078e+02 -4.04302885954416979e+02 -4.02824950188843900e+02 -4.03977546555538595e+02
custom
2.00000000000000011e-01 3.00000000000000000e+00
2.00000000000000011e-01 3.00000000000000000e+00
TASMANIAN SG end
