TASMANIAN SG 4.0
WARNING: do not edit this manually
localpolynomial
2 1 1 2
localp
1 2 12 0 0 0 1 0 2 0 3 0 4 1 0 1 1 1 2 2 0 2 1 2 2 3 0
1  -6.10882456835034645e+02 -3.34481640367130240e-01 1.16114831515346850e-01 5.07208716575178187e-02 1.05466642473857064e-02 -3.34481640389185486e-01 -1.40276164291321948e-01 4.95319329115773144e-02 1.08593212894447788e-01 4.95319338749595772e-02 -1.63266267671815513e-02 5.07208716672948867e-02
0
0
1 0
0 4 5 6 6 6 9 9 9 11 11 11 11
5 8 1 2 3 4 11 6 7 9 10
1 12 1 -6.10882456835034645e+02 -6.11216938475401776e+02 -6.10766342003519298e+02 -6.10998976783560693e+02 -6.10813852755029529e+02 -6.11216938475423831e+02 -6.11691696280082283e+02 -6.11051291710996907e+02 -6.10773863622140198e+02 -6.11058813328632368e+02 -6.10674075417392032e+02 -6.10998976783561943e+02
custom
2.00000000000000011e-01 3.00000000000000000e+00
2.00000000000000011e-01 3.00000000000000000e+00
TASMANIAN SG end
