TASMANIAN SG 4.0
WARNING: do not edit this manually
localpolynomial
2 1 1 2
localp
1 2 12 0 0 0 1 0 2 0 3 0 4 1 0 1 1 1 2 2 0 2 1 2 2 3 0
1  -2.45573500376606233e+02 -2.19045758461467699e+00 6.12859669828679898e-01 4.48249831941467392e-01 5.75106171993127191e-02 -2.19045758458838691e+00 -1.25105527993227383e+00 2.90832570998702522e-01 6.02647006077432934e-01 2.90832571172558119e-01 -5.16471001089371384e-02 4.48249831818912980e-01
0
0
1 0
0 4 5 6 6 6 9 9 9 11 11 11 11
5 8 1 2 3 4 11 6 7 9 10
1 12 1 -2.45573500376606233e+02 -2.47763957961220910e+02 -2.44960640706777554e+02 -2.46220479336972090e+02 -2.45209559924492595e+02 -2.47763957961194620e+02 -2.51205470825741571e+02 -2.46860265720367238e+02 -2.44970853370528800e+02 -2.46870478383970919e+02 -2.44409640800809058e+02 -2.46220479337081514e+02
custom
2.00000000000000011e-01 3.00000000000000000e+00
2.00000000000000011e-01 3.00000000000000000e+00
TASMANIAN SG end
