TASMANIAN SG 4.0
WARNING: do not edit this manually
localpolynomial
2 1 1 2
localp
1 2 12 0 0 0 1 0 2 0 3 0 4 1 0 1 1 1 2 2 0 2 1 2 2 3 0
1  -5.92479274595253969e+02 -4.22443679269349559e-01 1.42994186648252253e-01 6.62399519995915398e-02 1.30749277722088664e-02 -4.22443679297202834e-01 -1.84452553514120154e-01 6.24493497530238528e-02 1.34407601002180854e-01 6.24493510476895608e-02 -1.95441446229551730e-02 6.62399520124381525e-02
0
0
1 0
0 4 5 6 6 6 9 9 9 11 11 11 11
5 8 1 2 3 4 11 6 7 9 10
1 12 1 -5.92479274595253969e+02 -5.92901718274523319e+02 -5.92336280408605717e+02 -5.92624256482888995e+02 -5.92394702574157691e+02 -5.92901718274551172e+02 -5.93508614507334642e+02 -5.92696274738149896e+02 -5.92344866994251788e+02 -5.92704861322473448e+02 -5.92221416952226491e+02 -5.92624256482890132e+02
custom
2.00000000000000011e-01 3.00000000000000000e+00
2.00000000000000011e-01 3.00000000000000000e+00
TASMANIAN SG end
