TASMANIAN SG 4.0
WARNING: do not edit this manually
localpolynomial
2 1 1 2
localp
1 2 12 0 0 0 1 0 2 0 3 0 4 1 0 1 1 1 2 2 0 2 1 2 2 3 0
1  -3.33443705367726523e+02 -1.79656865752707517e+00 5.05548175046556025e-01 3.60219464057138339e-01 4.73731542429050023e-02 -1.79656865640271235e+00 -9.47474780828656549e-01 2.41946636029410911e-01 4.93368550337038414e-01 2.41946636933505488e-01 -4.91480640758936715e-02 3.60219463410601293e-01
0
0
1 0
0 4 5 6 6 6 9 9 9 11 11 11 11
5 8 1 2 3 4 11 6 7 9 10
1 12 1 -3.33443705367726523e+02 -3.35240274025253598e+02 -3.32938157192679967e+02 -3.33981770232432950e+02 -3.33143558125960340e+02 -3.35240274024129235e+02 -3.37984317462484967e+02 -3.34492779213053268e+02 -3.32950336817389484e+02 -3.34504958837983054e+02 -3.32493936706418822e+02 -3.33981770232517306e+02
custom
2.00000000000000011e-01 3.00000000000000000e+00
2.00000000000000011e-01 3.00000000000000000e+00
TASMANIAN SG end
