TASMANIAN SG 4.0
WARNING: do not edit this manually
localpolynomial
2 1 1 2
localp
1 2 12 0 0 0 1 0 2 0 3 0 4 1 0 1 1 1 2 2 0 2 1 2 2 3 0
1  -4.59799210595384125e+02 -1.06828675000826934e+00 3.26910489919498559e-01 1.92687317281809101e-01 3.04072934916348459e-02 -1.06828675007852780e+00 -5.51426731658125391e-01 1.52787539113887760e-01 3.14561517358583842e-01 1.52787543340878074e-01 -3.66233987937221173e-02 1.92687317318416262e-01
0
0
1 0
0 4 5 6 6 6 9 9 9 11 11 11 11
5 8 1 2 3 4 11 6 7 9 10
1 12 1 -4.59799210595384125e+02 -4.60867497345392394e+02 -4.59472300105464626e+02 -4.60140666653106450e+02 -4.59605348056932712e+02 -4.60867497345462652e+02 -4.62487210827129047e+02 -4.60387799316429266e+02 -4.59484649078025541e+02 -4.60400148284692932e+02 -4.59194361986899764e+02 -4.60140666653104972e+02
custom
2.00000000000000011e-01 3.00000000000000000e+00
2.00000000000000011e-01 3.00000000000000000e+00
TASMANIAN SG end
