TASMANIAN SG 4.0
WARNING: do not edit this manually
localpolynomial
2 1 1 2
localp
1 2 12 0 0 0 1 0 2 0 3 0 4 1 0 1 1 1 2 2 0 2 1 2 2 3 0
1  -3.33392651949539413e+02 -1.74227456671280834e+00 4.99192530997220274e-01 3.43231294511326723e-01 4.67647339842756082e-02 -1.74227456668882041e+00 -9.51427476358276181e-01 2.37227610832178470e-01 4.87129509637043157e-01 2.37227610961440405e-01 -4.75381239861007998e-02 3.43231294417478239e-01
0
0
1 0
0 4 5 6 6 6 9 9 9 11 11 11 11
5 8 1 2 3 4 11 6 7 9 10
1 12 1 -3.33392651949539413e+02 -3.35134926516252222e+02 -3.32893459418542193e+02 -3.33920557938384491e+02 -3.33096290950056527e+02 -3.35134926516228234e+02 -3.37828628559299318e+02 -3.34398506374398835e+02 -3.32905522439902370e+02 -3.34410569395653738e+02 -3.32453868032891251e+02 -3.33920557938466345e+02
custom
2.00000000000000011e-01 3.00000000000000000e+00
2.00000000000000011e-01 3.00000000000000000e+00
TASMANIAN SG end
