TASMANIAN SG 4.0
WARNING: do not edit this manually
localpolynomial
2 1 1 2
localp
1 2 12 0 0 0 1 0 2 0 3 0 4 1 0 1 1 1 2 2 0 2 1 2 2 3 0
1  -1.35651208505601289e+02 -2.59393513361428063e+00 7.36642356679112709e-01 5.39069376767145059e-01 6.94677881652978613e-02 -2.59393513356067729e+00 -1.64922932675494849e+00 3.38580456432936217e-01 7.30237414239155669e-01 3.38580456489523840e-01 -5.03637716626599286e-02 5.39069376732413730e-01
0
0
1 0
0 4 5 6 6 6 9 9 9 11 11 11 11
5 8 1 2 3 4 11 6 7 9 10
1 12 1 -1.35651208505601289e+02 -1.38245143639215570e+02 -1.34914566148922177e+02 -1.36409106695641299e+02 -1.35213419539096435e+02 -1.38245143639161967e+02 -1.42488308099531196e+02 -1.37169920826049918e+02 -1.34920971091362134e+02 -1.37176325768486890e+02 -1.34234692506345681e+02 -1.36409106695649228e+02
custom
2.00000000000000011e-01 3.00000000000000000e+00
2.00000000000000011e-01 3.00000000000000000e+00
TASMANIAN SG end
