TASMANIAN SG 4.0
WARNING: do not edit this manually
localpolynomial
2 1 1 2
localp
1 2 12 0 0 0 1 0 2 0 3 0 4 1 0 1 1 1 2 2 0 2 1 2 2 3 0
1  -4.59743025734105174e+02 -1.01153958027362023e+00 3.19045258834364631e-01 1.78946933757913484e-01 2.92645278286158828e-02 -1.01153958025713564e+00 -5.51161639934377945e-01 1.48344795108300787e-01 3.07014945635899039e-01 1.48344795173784405e-01 -3.50161625550526878e-02 1.78946933749102755e-01
0
0
1 0
0 4 5 6 6 6 9 9 9 11 11 11 11
5 8 1 2 3 4 11 6 7 9 10
1 12 1 -4.59743025734105174e+02 -4.60754565314378794e+02 -4.59423980475270810e+02 -4.60069848590484071e+02 -4.59554238576859404e+02 -4.60754565314362310e+02 -4.62317266534570308e+02 -4.60287175260419644e+02 -4.59436010788469275e+02 -4.60299205573569111e+02 -4.59151981692189963e+02 -4.60069848590484639e+02
custom
2.00000000000000011e-01 3.00000000000000000e+00
2.00000000000000011e-01 3.00000000000000000e+00
TASMANIAN SG end
