TASMANIAN SG 4.0
WARNING: do not edit this manually
localpolynomial
2 1 1 2
localp
1 2 12 0 0 0 1 0 2 0 3 0 4 1 0 1 1 1 2 2 0 2 1 2 2 3 0
1  -6.10893740018773315e+02 -3.43940430243378614e-01 1.17824730723441462e-01 5.29729395400408976e-02 1.07788199024980713e-02 -3.43940430235306849e-01 -1.39981135013840685e-01 5.00409990567050045e-02 1.10180695097369608e-01 5.00409990729622223e-02 -1.66372025930741074e-02 5.29729395254889823e-02
0
0
1 0
0 4 5 6 6 6 9 9 9 11 11 11 11
5 8 1 2 3 4 11 6 7 9 10
1 12 1 -6.10893740018773315e+02 -6.11237680449016693e+02 -6.10775915288049873e+02 -6.11012737294355020e+02 -6.10824048833509096e+02 -6.11237680449008622e+02 -6.11721602014265841e+02 -6.11069814719228475e+02 -6.10783559323675945e+02 -6.11077458754846361e+02 -6.10682371795545578e+02 -6.11012737294365479e+02
custom
2.00000000000000011e-01 3.00000000000000000e+00
2.00000000000000011e-01 3.00000000000000000e+00
TASMANIAN SG end
