TASMANIAN SG 4.0
WARNING: do not edit this manually
localpolynomial
2 1 1 2
localp
1 2 12 0 0 0 1 0 2 0 3 0 4 1 0 1 1 1 2 2 0 2 1 2 2 3 0
1  -4.59864308795657621e+02 -1.13333677374686204e+00 3.35590265452879066e-01 2.11203281407392751e-01 3.14144515511998179e-02 -1.13333677303427294e+00 -5.47981760264690365e-01 1.57671472613628794e-01 3.22951208362837860e-01 1.57671473113850880e-01 -3.86808188768554828e-02 2.11203281028360834e-01
0
0
1 0
0 4 5 6 6 6 9 9 9 11 11 11 11
5 8 1 2 3 4 11 6 7 9 10
1 12 1 -4.59864308795657621e+02 -4.60997645569404483e+02 -4.59528718530204742e+02 -4.60219773901123631e+02 -4.59665099211379982e+02 -4.60997645568691894e+02 -4.62678964102703446e+02 -4.60504383830625386e+02 -4.59541357587294783e+02 -4.60517022887927794e+02 -4.59244448140718760e+02 -4.60219773901146368e+02
custom
2.00000000000000011e-01 3.00000000000000000e+00
2.00000000000000011e-01 3.00000000000000000e+00
TASMANIAN SG end
