TASMANIAN SG 4.0
WARNING: do not edit this manually
localpolynomial
2 1 1 2
localp
1 2 12 0 0 0 1 0 2 0 3 0 4 1 0 1 1 1 2 2 0 2 1 2 2 3 0
1  -4.03601328899855673e+02 -1.34484312884961810e+00 4.01574134468262400e-01 2.51643894947903846e-01 3.74522412050168896e-02 -1.34484312893795277e+00 -7.25084463266568946e-01 1.89124715897492024e-01 3.89033377791349722e-01 1.89124721579958077e-01 -4.14795471099296265e-02 2.51643894995652317e-01
0
0
1 0
0 4 5 6 6 6 9 9 9 11 11 11 11
5 8 1 2 3 4 11 6 7 9 10
1 12 1 -4.03601328899855673e+02 -4.04946172028705291e+02 -4.03199754765387411e+02 -4.04022106569332607e+02 -4.03363089591416497e+02 -4.04946172028793626e+02 -4.07016099620909813e+02 -4.04355473178427872e+02 -4.03212295522064323e+02 -4.04368013929333983e+02 -4.02852200934705991e+02 -4.04022106569328969e+02
custom
2.00000000000000011e-01 3.00000000000000000e+00
2.00000000000000011e-01 3.00000000000000000e+00
TASMANIAN SG end
