TASMANIAN SG 4.0
WARNING: do not edit this manually
localpolynomial
2 1 1 2
localp
1 2 12 0 0 0 1 0 2 0 3 0 4 1 0 1 1 1 2 2 0 2 1 2 2 3 0
1  -2.45636268060176633e+02 -2.25936409779279757e+00 6.20439811333795888e-01 4.70435874512048713e-01 5.81672056542856808e-02 -2.25936409638222813e+00 -1.24585769313335959e+00 2.97293962390000388e-01 6.10138234188241313e-01 2.97293963605511635e-01 -5.35724906651182664e-02 4.70435873667724991e-01
0
0
1 0
0 4 5 6 6 6 9 9 9 11 11 11 11
5 8 1 2 3 4 11 6 7 9 10
1 12 1 -2.45636268060176633e+02 -2.47895632157969430e+02 -2.45015828248842837e+02 -2.46295514234560983e+02 -2.45267880948855463e+02 -2.47895632156558861e+02 -2.51400853947485018e+02 -2.46977898382835065e+02 -2.45026129825988392e+02 -2.46988199960175677e+02 -2.44459262505319714e+02 -2.46295514234700022e+02
custom
2.00000000000000011e-01 3.00000000000000000e+00
2.00000000000000011e-01 3.00000000000000000e+00
TASMANIAN SG end
