TASMANIAN SG 4.0
WARNING: do not edit this manually
localpolynomial
2 1 1 2
localp
1 2 12 0 0 0 1 0 2 0 3 0 4 1 0 1 1 1 2 2 0 2 1 2 2 3 0
1  -5.04706061560267699e+02 -8.03325921984310298e-01 2.59392697195949040e-01 1.37022220747041956e-01 2.36780001710030774e-02 -8.03325921971179469e-01 -4.19158426530145789e-01 1.19549014374513263e-01 2.48041350224070811e-01 1.19549014423228073e-01 -3.05245463347887380e-02 1.37022220740277589e-01
0
0
1 0
0 4 5 6 6 6 9 9 9 11 11 11 11
5 8 1 2 3 4 11 6 7 9 10
1 12 1 -5.04706061560267699e+02 -5.05509387482252009e+02 -5.04446668863071750e+02 -5.04970702300512812e+02 -5.04552687211498721e+02 -5.05509387482238878e+02 -5.06731871830753335e+02 -5.05130445770668416e+02 -5.04458020210043628e+02 -5.05141797117604710e+02 -5.04229152059182468e+02 -5.04970702300513040e+02
custom
2.00000000000000011e-01 3.00000000000000000e+00
2.00000000000000011e-01 3.00000000000000000e+00
TASMANIAN SG end
