TASMANIAN SG 4.0
WARNING: do not edit this manually
localpolynomial
2 1 1 2
localp
1 2 12 0 0 0 1 0 2 0 3 0 4 1 0 1 1 1 2 2 0 2 1 2 2 3 0
1  -5.69489234583543748e+02 -5.48518142203420211e-01 1.78455194714956633e-01 9.03484259014248892e-02 1.65127242933067464e-02 -5.48518142191824154e-01 -2.42031238728486642e-01 7.94544999306481259e-02 1.68632547950096523e-01 7.94544999599793300e-02 -2.37181814989071427e-02 9.03484258766411585e-02
0
0
1 0
0 4 5 6 6 6 9 9 9 11 11 11 11
5 8 1 2 3 4 11 6 7 9 10
1 12 1 -5.69489234583543748e+02 -5.70037752725747168e+02 -5.69310779388828792e+02 -5.69673145228744033e+02 -5.69383494261893020e+02 -5.70037752725735572e+02 -5.70828302106667479e+02 -5.69779843031089968e+02 -5.69320602035593652e+02 -5.69789665677837093e+02 -5.69165865022377602e+02 -5.69673145228763019e+02
custom
2.00000000000000011e-01 3.00000000000000000e+00
2.00000000000000011e-01 3.00000000000000000e+00
TASMANIAN SG end
