TASMANIAN SG 4.0
WARNING: do not edit this manually
localpolynomial
2 1 1 2
localp
1 2 12 0 0 0 1 0 2 0 3 0 4 1 0 1 1 1 2 2 0 2 1 2 2 3 0
1  -5.04752012961080595e+02 -8.47985733606719805e-01 2.66052063236713821e-01 1.47543424199795936e-01 2.46703975850550705e-02 -8.47985733662596886e-01 -4.19360026769993510e-01 1.22857900417045585e-01 2.54372733587217681e-01 1.22857903561509829e-01 -3.18390519639706326e-02 1.47543424227933428e-01
0
0
1 0
0 4 5 6 6 6 9 9 9 11 11 11 11
5 8 1 2 3 4 11 6 7 9 10
1 12 1 -5.04752012961080595e+02 -5.05599998694687315e+02 -5.04485960897843881e+02 -5.05028462403684159e+02 -5.04594316531877212e+02 -5.05599998694743192e+02 -5.06867344455119905e+02 -5.05211088731089433e+02 -5.04497640227493378e+02 -5.05222768057538588e+02 -5.04263427216220634e+02 -5.05028462403683989e+02
custom
2.00000000000000011e-01 3.00000000000000000e+00
2.00000000000000011e-01 3.00000000000000000e+00
TASMANIAN SG end
