TASMANIAN SG 4.0
WARNING: do not edit this manually
localpolynomial
2 1 1 2
localp
1 2 12 0 0 0 1 0 2 0 3 0 4 1 0 1 1 1 2 2 0 2 1 2 2 3 0
1  -1.35787087493201028e+02 -2.75158474348421578e+00 7.52576503063522750e-01 5.85400908990521884e-01 7.08109028130081697e-02 -2.75158474345641935e+00 -1.64504318732744537e+00 3.54049344179713898e-01 7.46084560843939926e-01 3.54049344413454037e-01 -5.42554874020595435e-02 5.85400908830507660e-01
0
0
1 0
0 4 5 6 6 6 9 9 9 11 11 11 11
5 8 1 2 3 4 11 6 7 9 10
1 12 1 -1.35787087493201028e+02 -1.38538672236685244e+02 -1.35034510990137505e+02 -1.36577478955952614e+02 -1.35339988338856244e+02 -1.38538672236657447e+02 -1.42935300167469109e+02 -1.37432046389414211e+02 -1.35041002932357088e+02 -1.37438538331427850e+02 -1.34342681916695625e+02 -1.36577478956098730e+02
custom
2.00000000000000011e-01 3.00000000000000000e+00
2.00000000000000011e-01 3.00000000000000000e+00
TASMANIAN SG end
