TASMANIAN SG 4.0
WARNING: do not edit this manually
localpolynomial
2 1 1 2
localp
1 2 12 0 0 0 1 0 2 0 3 0 4 1 0 1 1 1 2 2 0 2 1 2 2 3 0
1  -5.40672177812232803e+02 -6.37515078457681739e-01 2.10820142535112609e-01 1.04919869549121358e-01 1.91459182564130970e-02 -6.37515078447222550e-01 -3.18769982736398561e-01 9.59247840339685354e-02 2.00401749056027256e-01 9.59247840702346366e-02 -2.62672335354636743e-02 1.04919869544005451e-01
0
0
1 0
0 4 5 6 6 6 9 9 9 11 11 11 11
5 8 1 2 3 4 11 6 7 9 10
1 12 1 -5.40672177812232803e+02 -5.41309692890690485e+02 -5.40461357669697691e+02 -5.40886015481912523e+02 -5.40547621822708834e+02 -5.41309692890680026e+02 -5.42265977951874106e+02 -5.41002947964110945e+02 -5.40471776063176776e+02 -5.41013366357564223e+02 -5.40287223154177127e+02 -5.40886015481912409e+02
custom
2.00000000000000011e-01 3.00000000000000000e+00
2.00000000000000011e-01 3.00000000000000000e+00
TASMANIAN SG end
