TASMANIAN SG 4.0
WARNING: do not edit this manually
localpolynomial
2 1 1 2
localp
1 2 12 0 0 0 1 0 2 0 3 0 4 1 0 1 1 1 2 2 0 2 1 2 2 3 0
1  -6.10861961783485867e+02 -3.17389482942871837e-01 1.12832020960809132e-01 4.71040180576665080e-02 1.00520416297058546e-02 -3.17389482937869616e-01 -1.40208734497036858e-01 4.85134996686156228e-02 1.05575781604670738e-01 4.85134996835085985e-02 -1.57858053419204225e-02 4.71040180553927712e-02
0
0
1 0
0 4 5 6 6 6 9 9 9 11 11 11 11
5 8 1 2 3 4 11 6 7 9 10
1 12 1 -6.10861961783485867e+02 -6.11179351266428739e+02 -6.10749129762525058e+02 -6.10973552506899637e+02 -6.10795493731375814e+02 -6.11179351266423737e+02 -6.11636949483863646e+02 -6.11018005745794312e+02 -6.10756386001881197e+02 -6.11025261985140560e+02 -6.10659339786262308e+02 -6.10973552506899409e+02
custom
2.00000000000000011e-01 3.00000000000000000e+00
2.00000000000000011e-01 3.00000000000000000e+00
TASMANIAN SG end
