TASMANIAN SG 4.0
WARNING: do not edit this manually
localpolynomial
2 1 1 2
localp
1 2 12 0 0 0 1 0 2 0 3 0 4 1 0 1 1 1 2 2 0 2 1 2 2 3 0
1  -4.59830505214152709e+02 -1.09965577475577447e+00 3.31150492163942545e-01 2.01242805767265054e-01 3.09284823370035156e-02 -1.09965577473712983e+00 -5.50267720358192491e-01 1.55160193541291846e-01 3.18654568358567758e-01 1.55160193612744024e-01 -3.76062303153616995e-02 2.01242805712354311e-01
0
0
1 0
0 4 5 6 6 6 9 9 9 11 11 11 11
5 8 1 2 3 4 11 6 7 9 10
1 12 1 -4.59830505214152709e+02 -4.60930160988908483e+02 -4.59499354721988766e+02 -4.60179090295763331e+02 -4.59634001485733734e+02 -4.60930160988889838e+02 -4.62580084484003805e+02 -4.60443850303184604e+02 -4.59511850645794141e+02 -4.60456346226937171e+02 -4.59218306383945560e+02 -4.60179090295808919e+02
custom
2.00000000000000011e-01 3.00000000000000000e+00
2.00000000000000011e-01 3.00000000000000000e+00
TASMANIAN SG end
