TASMANIAN SG 4.0
WARNING: do not edit this manually
localpolynomial
2 1 1 2
localp
1 2 12 0 0 0 1 0 2 0 3 0 4 1 0 1 1 1 2 2 0 2 1 2 2 3 0
1  -5.40752961711302646e+02 -7.12959156831288965e-01 2.22482162987148513e-01 1.23832359096127220e-01 2.07484941132634049e-02 -7.12959156380975401e-01 -3.16930877017966850e-01 1.01004523537994828e-01 2.11448740999230722e-01 1.01004523814708591e-01 -2.86515930847599520e-02 1.23832358873869453e-01
0
0
1 0
0 4 5 6 6 6 9 9 9 11 11 11 11
5 8 1 2 3 4 11 6 7 9 10
1 12 1 -5.40752961711302646e+02 -5.41465920868133935e+02 -5.40530479548315498e+02 -5.40985608930622107e+02 -5.40620972135695865e+02 -5.41465920867683622e+02 -5.42495810901532877e+02 -5.41142434181158478e+02 -5.40541512970303415e+02 -5.41153467603319996e+02 -5.40347682400401027e+02 -5.40985608930619264e+02
custom
2.00000000000000011e-01 3.00000000000000000e+00
2.00000000000000011e-01 3.00000000000000000e+00
TASMANIAN SG end
