TASMANIAN SG 4.0
WARNING: do not edit this manually
localpolynomial
2 1 1 2
localp
1 2 12 0 0 0 1 0 2 0 3 0 4 1 0 1 1 1 2 2 0 2 1 2 2 3 0
1  -5.92507957101088095e+02 -4.47393643776422323e-01 1.47169484133655715e-01 7.26051841019170752e-02 1.36149728767804845e-02 -4.47393643492659976e-01 -1.83300230420627486e-01 6.38460653252650445e-02 1.38323082079750748e-01 6.38460654782875281e-02 -2.03662241126494337e-02 7.26051839717456460e-02
0
0
1 0
0 4 5 6 6 6 9 9 9 11 11 11 11
5 8 1 2 3 4 11 6 7 9 10
1 12 1 -5.92507957101088095e+02 -5.92955350744864518e+02 -5.92360787616954440e+02 -5.92659048738874390e+02 -5.92420757386144487e+02 -5.92955350744580755e+02 -5.93586044618777805e+02 -5.92744335195121835e+02 -5.92369634019008345e+02 -5.92753181597306479e+02 -5.92242830758987338e+02 -5.92659048738862680e+02
custom
2.00000000000000011e-01 3.00000000000000000e+00
2.00000000000000011e-01 3.00000000000000000e+00
TASMANIAN SG end
