TASMANIAN SG 4.0
WARNING: do not edit this manually
localpolynomial
2 1 1 2
localp
1 2 12 0 0 0 1 0 2 0 3 0 4 1 0 1 1 1 2 2 0 2 1 2 2 3 0
1  -6.10871888095172494e+02 -3.25653013812029712e-01 1.14446566719038856e-01 4.87804076775546491e-02 1.03056433514439050e-02 -3.25653013805208502e-01 -1.40337593900653701e-01 4.90279073870851789e-02 1.07051716168484745e-01 4.90279073909505314e-02 -1.60362073428359508e-02 4.87804076743714177e-02
0
0
1 0
0 4 5 6 6 6 9 9 9 11 11 11 11
5 8 1 2 3 4 11 6 7 9 10
1 12 1 -6.10871888095172494e+02 -6.11197541108984524e+02 -6.10757441528453455e+02 -6.10985934194400897e+02 -6.10804359168461588e+02 -6.11197541108977703e+02 -6.11663531716690386e+02 -6.11034066634871579e+02 -6.10764836379004009e+02 -6.11041461485425089e+02 -6.10666426019627806e+02 -6.10985934194400784e+02
custom
2.00000000000000011e-01 3.00000000000000000e+00
2.00000000000000011e-01 3.00000000000000000e+00
TASMANIAN SG end
