TASMANIAN SG 4.0
WARNING: do not edit this manually
localpolynomial
2 1 1 2
localp
1 2 12 0 0 0 1 0 2 0 3 0 4 1 0 1 1 1 2 2 0 2 1 2 2 3 0
1  -6.10905821378834503e+02 -3.54105208206988209e-01 1.19571998921969680e-01 5.55948256611600300e-02 1.09978108752102344e-02 -3.54105207981888270e-01 -1.39399830435536387e-01 5.05515315238653784e-02 1.11812059838598543e-01 5.05515316375522161e-02 -1.69698916005245337e-02 5.55948255615703602e-02
0
0
1 0
0 4 5 6 6 6 9 9 9 11 11 11 11
5 8 1 2 3 4 11 6 7 9 10
1 12 1 -6.10905821378834503e+02 -6.11259926587041491e+02 -6.10786249379912533e+02 -6.11027279157276780e+02 -6.10835037568498365e+02 -6.11259926586816391e+02 -6.11753431625458916e+02 -6.11089803056370556e+02 -6.10794009318995904e+02 -6.11097562995565340e+02 -6.10691407211674459e+02 -6.11027279157263933e+02
custom
2.00000000000000011e-01 3.00000000000000000e+00
2.00000000000000011e-01 3.00000000000000000e+00
TASMANIAN SG end
