TASMANIAN SG 4.0
WARNING: do not edit this manually
localpolynomial
2 1 1 2
localp
1 2 12 0 0 0 1 0 2 0 3 0 4 1 0 1 1 1 2 2 0 2 1 2 2 3 0
1  -3.33345606714580242e+02 -1.69168909043105486e+00 4.93222824675854099e-01 3.28639426631013976e-01 4.61225813048145028e-02 -1.69168909054207006e+00 -9.53431250391304275e-01 2.32847688372601169e-01 4.81274968473485387e-01 2.32847696012015604e-01 -4.60748366705274748e-02 3.28639426693541736e-01
0
0
1 0
0 4 5 6 6 6 9 9 9 11 11 11 11
5 8 1 2 3 4 11 6 7 9 10
1 12 1 -3.33345606714580242e+02 -3.35037295805011297e+02 -3.32852383889904388e+02 -3.33862811833164756e+02 -3.33052872720937501e+02 -3.35037295805122312e+02 -3.37682416145944671e+02 -3.34311225292073857e+02 -3.32864331746106757e+02 -3.34323173140525796e+02 -3.32417183758101430e+02 -3.33862811833157707e+02
custom
2.00000000000000011e-01 3.00000000000000000e+00
2.00000000000000011e-01 3.00000000000000000e+00
TASMANIAN SG end
