TASMANIAN SG 4.0
WARNING: do not edit this manually
localpolynomial
2 1 1 2
localp
1 2 12 0 0 0 1 0 2 0 3 0 4 1 0 1 1 1 2 2 0 2 1 2 2 3 0
1  -5.69507466540445989e+02 -5.64943484683908537e-01 1.81007440684766152e-01 9.48202047854920238e-02 1.68226981664929554e-02 -5.64943484326363432e-01 -2.41025937172594240e-01 8.04230032523491900e-02 1.71049199035905986e-01 8.04230034580086794e-02 -2.42609334924281939e-02 9.48202046153028277e-02
0
0
1 0
0 4 5 6 6 6 9 9 9 11 11 11 11
5 8 1 2 3 4 11 6 7 9 10
1 12 1 -5.69507466540445989e+02 -5.70072410025129898e+02 -5.69326459099761223e+02 -5.69695118078002452e+02 -5.69400140121937170e+02 -5.70072410024772353e+02 -5.70878379446628855e+02 -5.69810979580835237e+02 -5.69336417341410083e+02 -5.69820937822635983e+02 -5.69179670834217745e+02 -5.69695118077993925e+02
custom
2.00000000000000011e-01 3.00000000000000000e+00
2.00000000000000011e-01 3.00000000000000000e+00
TASMANIAN SG end
