TASMANIAN SG 4.0
WARNING: do not edit this manually
localpolynomial
2 1 1 2
localp
1 2 12 0 0 0 1 0 2 0 3 0 4 1 0 1 1 1 2 2 0 2 1 2 2 3 0
1  -5.04805050884536627e+02 -8.99196191705414094e-01 2.73307200005660889e-01 1.61721367156815177e-01 2.55482722403144180e-02 -8.99196191138742051e-01 -4.16740133881944530e-01 1.26432921895343497e-01 2.61331759775316641e-01 1.26432922267440517e-01 -3.34941199056402183e-02 1.61721366866572680e-01
0
0
1 0
0 4 5 6 6 6 9 9 9 11 11 11 11
5 8 1 2 3 4 11 6 7 9 10
1 12 1 -5.04805050884536627e+02 -5.05704247076242041e+02 -5.04531743684530966e+02 -5.05092927613232519e+02 -5.04642849012293482e+02 -5.05704247075675369e+02 -5.07020183401262727e+02 -5.05304506953774364e+02 -5.04543719124761310e+02 -5.05316482394199284e+02 -5.04303906044661289e+02 -5.05092927613239453e+02
custom
2.00000000000000011e-01 3.00000000000000000e+00
2.00000000000000011e-01 3.00000000000000000e+00
TASMANIAN SG end
