TASMANIAN SG 4.0
WARNING: do not edit this manually
localpolynomial
2 1 1 2
localp
1 2 12 0 0 0 1 0 2 0 3 0 4 1 0 1 1 1 2 2 0 2 1 2 2 3 0
1  -4.03639698133972047e+02 -1.38468321432191033e+00 4.06613629189109815e-01 2.62817101336395353e-01 3.80383589136386036e-02 -1.38468321430053720e+00 -7.23560531740190527e-01 1.92348941157945319e-01 3.93937315052085069e-01 1.92348941254010697e-01 -4.26864734659488931e-02 2.62817101264658959e-01
0
0
1 0
0 4 5 6 6 6 9 9 9 11 11 11 11
5 8 1 2 3 4 11 6 7 9 10
1 12 1 -4.03639698133972047e+02 -4.05024381348293957e+02 -4.03233084504782937e+02 -4.04069222639796635e+02 -4.03398352960463853e+02 -4.05024381348272584e+02 -4.07132625094334685e+02 -4.04425418777925529e+02 -4.03245760818919962e+02 -4.04438095091987861e+02 -4.02881833663196801e+02 -4.04069222639857685e+02
custom
2.00000000000000011e-01 3.00000000000000000e+00
2.00000000000000011e-01 3.00000000000000000e+00
TASMANIAN SG end
