TASMANIAN SG 4.0
WARNING: do not edit this manually
localpolynomial
2 1 1 2
localp
1 2 12 0 0 0 1 0 2 0 3 0 4 1 0 1 1 1 2 2 0 2 1 2 2 3 0
1  -5.40690336286419210e+02 -6.54507184342037363e-01 2.13561616593437975e-01 1.08653857675676591e-01 1.95851566355713658e-02 -6.54507184328281255e-01 -3.19062940828416686e-01 9.71547437453637031e-02 2.02972310713448678e-01 9.71547437551407711e-02 -2.67467342988538803e-02 1.08653857668628007e-01
0
0
1 0
0 4 5 6 6 6 9 9 9 11 11 11 11
5 8 1 2 3 4 11 6 7 9 10
1 12 1 -5.40690336286419210e+02 -5.41344843470761248e+02 -5.40476774669825772e+02 -5.40908936020914553e+02 -5.40563970321486863e+02 -5.41344843470747492e+02 -5.42318413595917946e+02 -5.41034127110408690e+02 -5.40487363975705762e+02 -5.41044716416292658e+02 -5.40300549093411178e+02 -5.40908936020914780e+02
custom
2.00000000000000011e-01 3.00000000000000000e+00
2.00000000000000011e-01 3.00000000000000000e+00
TASMANIAN SG end
