TASMANIAN SG 4.0
WARNING: do not edit this manually
localpolynomial
2 1 1 2
localp
1 2 12 0 0 0 1 0 2 0 3 0 4 1 0 1 1 1 2 2 0 2 1 2 2 3 0
1  -5.04777537085874314e+02 -8.72678638372008209e-01 2.69608089249004479e-01 1.54094488720829759e-01 2.51249219890041786e-02 -8.72678638355864678e-01 -4.18478537302121367e-01 1.24603268011924229e-01 2.57777939835932557e-01 1.24603268065129669e-01 -3.26311611302685378e-02 1.54094488678765629e-01
0
0
1 0
0 4 5 6 6 6 9 9 9 11 11 11 11
5 8 1 2 3 4 11 6 7 9 10
1 12 1 -5.04777537085874314e+02 -5.05650215724246323e+02 -5.04507928996625310e+02 -5.05059781916339489e+02 -5.04617608119260808e+02 -5.05650215724230179e+02 -5.06941372899904309e+02 -5.05256004366969250e+02 -5.04519759146038382e+02 -5.05267834516345260e+02 -5.04282782217919646e+02 -5.05059781916373481e+02
custom
2.00000000000000011e-01 3.00000000000000000e+00
2.00000000000000011e-01 3.00000000000000000e+00
TASMANIAN SG end
