TASMANIAN SG 4.0
WARNING: do not edit this manually
localpolynomial
2 1 1 2
localp
1 2 12 0 0 0 1 0 2 0 3 0 4 1 0 1 1 1 2 2 0 2 1 2 2 3 0
1  -1.35716333397202476e+02 -2.67009956079235167e+00 7.44289040525075052e-01 5.60513645448594389e-01 7.01343836248042862e-02 -2.67009956096703149e+00 -1.64850757822009086e+00 3.45974682688307666e-01 7.37842566056372107e-01 3.45974688423439147e-01 -5.22170739189675714e-02 5.60513645555403173e-01
0
0
1 0
0 4 5 6 6 6 9 9 9 11 11 11 11
5 8 1 2 3 4 11 6 7 9 10
1 12 1 -1.35716333397202476e+02 -1.38386432957994828e+02 -1.34972044356677401e+02 -1.36490869532150043e+02 -1.35274054493315134e+02 -1.38386432958169507e+02 -1.42705040097181950e+02 -1.37296169234956125e+02 -1.34978490831146104e+02 -1.37302615703515016e+02 -1.34286418864539996e+02 -1.36490869532130574e+02
custom
2.00000000000000011e-01 3.00000000000000000e+00
2.00000000000000011e-01 3.00000000000000000e+00
TASMANIAN SG end
